GRID 0 n=10 p=0.5 seed=6704243219954741537
0 1 0 0 1 1 0 1 1 1
0 0 1 0 0 1 0 0 0 1
1 0 1 0 0 0 1 1 1 1
1 0 0 0 0 0 0 1 1 0
1 0 0 0 0 0 0 0 1 0
0 1 0 1 1 0 0 0 0 1
0 0 1 1 0 1 0 0 0 1
1 0 1 1 0 1 0 0 0 0
0 0 0 0 0 0 1 0 0 0
0 1 1 1 1 0 0 0 0 0

GRID 1 n=20 p=0.45 seed=6704243219954741538
0 0 0 1 1 0 0 0 1 0 0 1 0 0 1 0 1 0 1 0
1 0 0 1 0 0 1 0 0 0 1 0 1 1 0 1 1 1 1 0
0 1 0 1 1 0 1 1 0 0 0 0 1 1 0 0 0 0 1 1
0 0 0 1 0 1 0 0 1 0 0 1 1 1 1 0 1 1 1 0
1 0 0 0 0 0 0 0 1 0 0 1 0 0 1 0 0 0 0 1
0 1 0 0 1 1 0 0 1 1 1 0 1 0 1 1 0 0 0 0
0 0 0 0 0 1 0 0 1 0 1 0 0 0 0 0 1 1 0 1
1 0 1 0 0 0 0 0 0 0 1 1 0 1 1 0 0 0 0 1
0 0 0 0 0 0 1 1 0 0 0 0 1 1 0 1 1 0 1 0
0 0 0 0 1 0 1 1 0 0 1 0 1 1 0 0 0 0 0 0
0 0 0 0 0 0 0 1 0 1 0 0 0 0 1 0 0 0 0 0
0 0 0 0 1 0 0 1 0 1 0 1 1 1 0 1 0 0 1 0
0 0 0 1 1 1 0 1 1 0 0 0 0 1 0 0 1 0 0 1
0 0 0 1 0 0 1 1 0 1 0 0 0 0 1 1 1 1 0 1
0 1 0 0 0 0 0 1 0 1 0 1 0 0 0 1 0 0 1 1
0 0 0 0 0 1 0 1 1 1 0 0 1 1 0 1 0 1 0 1
0 0 0 0 1 0 1 0 1 0 1 0 1 0 0 0 0 0 0 0
0 0 0 0 0 1 1 0 0 0 0 0 0 0 0 0 0 0 1 1
0 0 0 0 0 0 0 0 1 1 0 1 0 0 0 0 0 0 1 0
0 0 0 0 0 0 0 0 1 0 0 1 0 0 0 0 0 0 0 0

GRID 2 n=8 p=0.2 seed=6704243219954741539
0 0 0 0 0 0 0 1
0 1 1 1 0 0 0 0
0 0 0 0 0 0 1 0
0 0 0 0 0 0 0 0
0 0 1 1 1 0 0 0
1 0 0 0 0 0 0 0
0 0 0 0 0 0 0 0
0 0 0 0 0 0 0 0

