GRID 500 n=20 p=0.3 seed=971824975334294897
0 0 1 1 1 1 1 1 0 1 1 0 1 1 1 1 1 1 0 0
0 0 0 0 0 0 0 0 0 0 0 0 0 0 0 0 0 0 0 0
0 1 0 0 1 0 0 1 1 0 0 1 0 0 1 0 0 1 1 0
0 1 0 0 1 0 0 1 1 0 0 1 0 0 1 0 0 1 1 0
0 1 0 0 1 0 0 1 1 0 0 1 0 0 1 0 0 1 1 0
0 0 0 0 0 0 0 0 0 0 0 0 0 0 0 0 0 0 0 0
0 1 0 0 0 0 1 0 0 0 0 1 0 0 0 0 1 0 0 0
0 1 0 0 1 1 1 1 1 0 0 1 0 0 1 1 1 1 1 0
0 1 1 0 0 0 1 0 0 0 0 1 1 0 0 0 1 0 0 0
0 0 0 0 0 0 0 0 0 0 0 0 0 0 0 0 0 0 0 0
0 0 1 1 1 1 1 1 0 1 1 0 1 1 1 1 1 1 0 0
0 0 0 0 0 0 0 0 0 0 0 0 0 0 0 0 0 0 0 0
0 1 0 0 1 0 0 1 1 0 0 1 0 0 1 0 0 1 1 0
0 1 0 0 1 0 0 1 1 0 0 1 0 0 1 0 0 1 1 0
0 1 0 0 1 0 0 1 1 0 0 1 0 0 1 0 0 1 1 0
0 0 0 0 0 0 0 0 0 0 0 0 0 0 0 0 0 0 0 0
0 1 0 0 0 0 1 0 0 0 0 1 0 0 0 0 1 0 0 0
0 1 0 0 1 1 1 1 1 0 0 1 0 0 1 1 1 1 1 0
0 1 1 0 0 0 1 0 0 0 0 1 1 0 0 0 1 0 0 0
0 0 0 0 0 0 0 0 0 0 0 0 0 0 0 0 0 0 0 0 
